1604695054 168
1604781661 184
1604867024 808
1604955574 970
1604955586 1305
1604982519 1306
1605039325 1306
1605039717 1578
1605039966 1588
1605042124 1622
1605042153 1677
1605043369 1723
1605043695 1764
1605066285 1822
1605066335 1871
1605066407 1922
1605066451 1922
1605066490 1982
1605066517 2026
1605066777 2087
1605067070 2133
1605067105 2189
1605067182 2188
1605067253 2190
1605078433 2187
1605078609 2188
1605079454 2184
1605084592 2221
1605087579 2215
1605094989 2235
1605101509 2240
1605120573 2203
1605192463 2201
1605199688 2344
1605207587 2340
1605207626 2416
1605281436 2550
1605285063 2577
1605285093 2578
1605286349 2581
1605286433 2714
1605296770 2714
1605296964 2715
1605297465 2774
1605298016 2775
1605298249 2801
1605298317 2830
1605381002 2826
1605381123 2840
1605426326 2840
1605426442 2840
1605427333 2840
1605441051 2844
1605451200 2909
1605451226 2965
1605451261 2966
1605451727 3014
1605453556 3085
1605453593 3103
1605455270 3156
1605460219 3182
1605509604 3194
1605511579 3220
1605511926 3255
1605512190 3257
1605513086 3258
1605513466 3258
1605513493 3308
1605514172 3410
1605515311 3410
1605515317 3414
1605516453 3441
1605516948 3441
1605517282 3427
1605520842 3430
1605520867 3493
1605524617 3493
1605524992 3493
1605525325 3503
1605525626 3639
1605529005 3641
1605533463 3640
1605542801 3663
1605546246 3656
1605548303 3656
1605548334 3980
1605548348 3989
1605548819 4000
1605549065 4053
1605549181 4053
1605549461 4057
1605549586 4057
1605549751 4070
1605557351 4113
1605560893 4141
1605562503 4138
1605584974 4242
1605585298 4330
1605586496 4376
1605597363 4374
1605597744 4373
1605604024 4392
1605606272 4407
1605614097 4364
1605614122 4364
1605614155 4364
1605615152 4370
1605615306 4370
